6.19
4.05
3.81
0.00
3.10
4.05
0.00
4.52
0.00
5.24
5.00
0.00
3.81
3.81
5.48
5.95
5.48
4.29
0.00
5.48
8.10
0.00
2.62
3.81
2.62
6.67
5.00
0.00
3.81
4.05
0.00
4.76
2.38
4.05
5.48
0.00
0.00
4.05
5.48
7.14
0.00
4.52
0.00
0.00
0.00
0.00
0.00
0.00
0.00
5.95
0.00
0.00
0.95
0.00
0.00
6.90
4.05
3.81
3.10
4.05
0.71
3.57
4.29
4.29
1.19
2.86
0.00
2.62
3.81
0.00
0.24
1.43
0.00
2.86
1.67
0.00
0.95
0.00
5.48
12.00
11.20
0.00
10.90
11.86
3.81
0.00
0.48
4.52
2.62
0.00
5.48
1.19
0.00
3.10
0.00
0.00
3.57
0.00
1.43
0.00
2.62
5.00
2.62
0.00
0.00
0.00
1.19
0.00
0.00
0.00
0.00
0.24
0.00