15
9 17 91 67 10 100 16 9 38 92 47 64 51 73 57
392
15
26 52 39 98 33 66 72 49 29 99 41 93 12 42 77
327
15
7 90 75 73 19 62 88 94 18 71 18 43 3 15 20
430
15
77 26 83 44 71 20 32 55 40 92 53 54 82 18 13
321
15
1 70 62 69 69 66 64 33 49 84 38 66 49 60 60
198
15
99 38 77 14 95 78 54 62 16 89 72 27 61 12 22
373
15
23 32 48 61 68 4 74 16 39 27 8 49 4 50 30
275
15
84 27 11 71 64 67 92 69 83 79 95 84 4 25 48
337
15
75 36 85 58 11 100 96 67 30 26 86 53 99 64 86
341
15
48 61 71 33 15 86 49 90 25 43 90 16 95 71 99
363
15
87 7 42 100 5 85 43 95 14 49 92 91 70 83 39
434
15
42 87 32 23 76 21 31 55 35 55 39 78 54 9 62
277
15
43 17 62 5 49 92 5 54 49 34 95 35 76 19 31
331
15
75 20 9 23 51 29 6 67 55 19 89 59 34 17 9
307
15
88 6 72 53 42 94 3 13 87 38 74 90 64 33 31
392
15
65 75 32 45 50 28 47 37 53 77 56 37 83 72 20
235
15
19 30 62 63 8 4 67 90 36 40 40 76 61 83 87
326
15
32 60 84 33 28 38 28 4 57 80 60 41 17 95 75
322
15
14 79 79 17 92 15 42 37 82 39 3 83 72 69 39
392
15
50 99 4 87 74 4 81 35 38 39 17 53 77 62 82
372
15
48 100 52 27 40 21 66 65 38 24 14 5 98 45 58
315
15
18 27 25 27 91 23 96 32 65 78 1 19 17 76 20
340
15
100 61 46 30 13 13 90 13 61 64 32 30 70 62 60
331
15
82 54 12 57 3 6 46 88 17 12 89 4 39 32 91
421
15
91 60 13 25 75 74 1 46 34 79 69 69 17 91 25
378
15
94 88 85 52 62 77 21 45 54 71 84 26 91 65 27
292
15
6 81 59 12 59 55 57 60 56 91 73 25 65 66 71
237
15
91 71 50 69 3 79 70 70 44 44 54 87 6 52 8
296
15
56 15 9 80 74 40 65 14 94 84 56 19 39 12 59
364
15
29 100 79 28 59 23 89 13 98 89 64 87 27 56 43
387
15
89 60 12 74 8 97 91 4 1 18 83 33 53 9 34
462
15
54 45 72 72 25 63 47 65 3 5 2 77 84 84 52
338
15
99 77 41 27 21 38 13 29 78 57 26 97 10 79 66
369
15
45 21 92 28 57 67 12 75 89 94 39 55 22 73 93
349
15
18 40 81 97 42 74 32 68 24 36 78 53 28 65 10
328
15
66 55 41 79 76 27 50 63 32 23 83 85 30 19 97
322
15
34 62 12 11 16 22 8 11 62 88 15 99 18 13 60
341
15
64 41 46 11 75 22 57 10 92 4 8 55 43 56 35
314
15
31 15 60 13 38 23 78 8 21 62 57 58 5 6 61
323
15
33 86 59 94 78 86 18 64 15 18 10 70 78 68 51
351
15
19 83 61 93 34 68 36 44 94 20 29 32 96 48 68
336
15
55 63 29 78 97 67 30 53 19 7 87 68 1 30 38
359
15
74 62 39 80 39 100 84 52 45 55 73 37 67 98 77
250
15
82 44 11 50 49 4 98 93 31 16 9 39 7 28 57
349
15
76 34 42 99 11 32 62 58 93 51 27 19 61 83 46
316
15
36 29 75 14 72 76 72 4 57 87 39 47 28 97 12
364
15
30 17 70 50 71 100 2 84 68 78 75 9 37 2 31
399
15
95 78 91 56 66 11 9 76 6 80 53 83 21 60 28
366
15
42 39 62 78 49 38 39 61 79 69 69 61 42 92 2
251
15
67 60 58 73 23 74 50 83 92 33 32 43 48 86 68
254
15
85 45 58 82 27 61 97 71 44 80 48 46 64 76 24
260
15
45 88 45 85 98 86 39 82 26 18 81 75 40 39 12
376
15
57 39 64 67 79 49 66 34 62 36 71 22 83 90 12
271
15
34 28 34 62 24 16 27 14 33 46 45 24 77 28 75
211
15
23 21 92 19 73 25 55 53 33 87 26 95 8 72 60
372
15
45 71 79 27 91 94 53 59 71 79 36 7 29 67 62
296
15
88 73 66 21 6 42 88 24 57 15 35 9 89 12 11
381
15
41 36 18 93 93 46 42 14 97 84 1 81 30 83 87
431
15
9 69 13 11 90 47 30 6 61 37 93 67 65 13 21
382
15
67 57 84 20 33 65 27 56 26 45 45 29 8 17 86
278
15
49 1 5 37 21 37 11 95 99 26 5 50 59 100 64
398
15
57 9 40 11 37 7 98 49 96 23 55 36 30 66 2
343
15
27 3 45 70 28 74 13 64 16 98 11 92 44 38 93
400
15
39 8 38 76 12 31 73 59 94 29 81 68 3 44 8
366
15
5 74 84 38 8 21 43 27 51 7 53 62 22 54 11
315
15
28 10 45 2 63 34 87 40 20 44 65 36 96 50 50
280
15
29 49 7 2 10 85 18 93 52 72 34 37 76 52 74
347
15
81 75 59 25 57 76 63 5 75 77 32 93 85 51 95
284
15
47 83 33 65 6 41 75 65 86 21 79 24 56 75 79
300
15
16 92 62 31 19 70 94 75 3 21 20 80 3 97 54
457
15
2 75 40 86 50 63 50 46 92 94 77 56 97 48 50
292
15
94 40 56 77 97 75 56 55 89 18 59 52 84 15 30
309
15
34 72 96 31 11 99 88 8 14 12 60 76 8 68 17
458
15
50 8 77 56 6 73 36 42 2 91 73 29 26 99 93
413
15
86 67 98 13 80 33 64 2 62 67 35 66 47 5 25
344
15
75 35 2 47 59 28 25 81 89 9 2 51 50 28 76
349
15
55 99 94 13 19 6 32 63 9 94 34 88 4 66 19
457
15
77 13 59 46 30 69 8 1 32 7 55 52 71 46 73
306
15
57 40 44 1 93 100 36 85 70 34 60 29 89 69 51
331
15
100 77 57 75 44 84 43 62 13 28 20 100 23 16 99
376
15
34 11 90 43 70 67 76 74 31 76 37 84 79 62 68
264
15
69 78 43 18 98 73 37 53 93 64 4 83 73 7 60
341
15
2 8 18 17 56 49 75 17 17 45 57 77 62 90 46
342
15
53 10 71 39 63 31 37 26 20 73 24 59 46 31 28
225
15
44 7 45 66 55 50 2 55 34 53 66 17 72 28 90
274
15
64 14 87 72 29 65 58 50 15 25 58 54 77 64 57
243
15
90 73 4 18 81 44 100 96 23 100 20 17 54 45 81
450
15
39 44 100 30 52 23 42 74 63 44 99 74 32 14 60
293
15
38 43 38 93 50 75 63 15 75 3 70 4 44 75 70
324
15
71 57 84 83 5 75 9 14 11 98 90 1 7 78 28
490
15
30 43 39 82 30 72 38 72 56 29 63 17 64 53 100
260
15
93 6 4 97 60 16 92 25 95 78 2 56 21 60 80
465
15
93 38 62 9 30 52 22 23 91 50 11 25 58 93 86
365
15
57 12 45 6 55 49 73 18 90 98 74 98 16 66 26
382
15
69 4 20 19 28 16 81 86 47 34 23 73 58 73 3
360
15
74 18 4 84 66 62 59 65 57 84 75 32 32 21 25
314
15
9 33 74 54 87 33 48 60 8 78 44 98 68 83 83
319
15
4 34 98 26 5 68 78 7 25 66 100 67 81 93 3
466
15
27 70 37 39 41 71 26 33 41 47 13 73 30 40 46
181
15
89 24 13 30 42 30 34 94 36 75 14 11 23 42 4
289
15
69 35 57 40 67 56 43 79 15 47 41 86 43 40 47
204
15
53 20 99 39 22 73 20 18 53 1 23 41 35 71 78
315
15
53 18 21 85 52 85 46 82 19 68 45 39 61 80 18
308
15
22 1 30 86 52 2 69 7 64 85 61 5 67 58 29
385
15
63 5 78 75 11 25 70 49 6 27 43 62 92 6 26
383
15
72 25 94 72 38 2 25 96 83 14 60 74 18 98 71
407
15
84 4 10 32 43 78 41 66 50 98 60 40 79 47 16
318
15
13 55 23 20 50 81 32 67 77 57 26 56 59 64 60
242
15
80 90 74 16 86 8 41 60 92 98 92 31 30 65 5
406
15
86 16 73 93 76 73 74 85 27 63 27 66 60 63 80
245
15
86 32 33 52 56 32 6 79 84 22 45 48 88 21 59
310
15
95 1 38 19 14 17 99 56 29 11 20 95 4 70 32
399
15
96 75 46 48 7 31 68 46 73 60 47 63 14 28 61
276
15
55 65 67 27 45 9 39 10 19 31 36 81 44 24 62
258
15
94 43 33 99 2 53 63 22 32 26 88 53 48 87 27
352
15
5 12 9 98 66 86 57 65 8 81 89 45 83 15 15
459
15
60 60 45 2 41 60 42 87 76 92 40 78 50 6 65
292
15
26 48 66 44 62 99 19 98 70 30 37 62 19 58 35
294
15
35 47 55 93 68 11 38 5 3 72 73 26 10 1 3
387
15
78 34 20 76 50 92 45 90 49 84 66 83 45 15 53
311
15
97 72 91 60 35 1 33 28 8 63 67 16 68 37 95
388
15
88 60 51 42 51 73 69 47 82 69 69 1 93 11 53
280
15
78 31 69 9 81 100 36 9 72 30 98 93 19 6 94
476
15
18 12 24 13 17 66 66 40 47 22 38 93 93 23 26
314
15
25 31 59 27 45 64 77 30 62 86 51 70 7 21 69
301
15
69 89 59 40 87 67 31 60 7 21 5 6 46 65 33
353
15
91 53 6 92 11 77 45 28 99 33 3 2 14 29 41
397
15
46 80 94 59 100 85 82 16 6 80 78 66 96 67 35
306
15
90 38 93 77 43 35 100 3 16 74 87 86 12 34 82
426
15
74 64 27 85 97 57 48 34 65 16 33 62 85 40 72
284
15
75 72 4 16 25 60 79 67 28 71 77 36 34 80 68
318
15
83 66 4 59 65 12 71 14 77 30 69 41 36 41 91
321
15
23 52 20 62 55 97 16 68 85 12 12 48 72 83 46
342
15
49 22 61 88 26 18 39 73 87 18 100 23 82 18 83
410
15
71 80 36 40 45 85 9 73 51 29 94 77 7 1 53
366
15
44 96 99 92 97 65 28 10 21 100 37 14 57 86 31
450
15
80 67 92 62 27 55 30 95 11 47 64 21 54 2 62
329
15
83 81 53 1 97 52 81 92 31 78 76 60 73 6 30
347
15
11 98 25 28 23 50 33 77 77 11 15 20 96 87 54
398
15
57 38 65 26 5 83 34 32 94 83 22 95 13 60 1
400
15
76 72 58 30 90 34 50 97 22 69 45 33 17 62 64
293
15
2 72 87 86 94 47 99 33 75 19 8 15 59 72 76
402
15
88 45 87 87 50 63 13 78 46 65 62 41 32 51 81
253
15
33 80 90 66 24 66 83 68 79 7 80 52 31 68 56
269
15
25 33 9 83 13 22 52 50 8 71 21 23 87 95 2
373
15
56 79 96 98 4 62 83 89 14 45 77 93 99 77 79
302
15
97 60 77 1 96 28 1 68 51 80 38 73 24 62 54
350
15
24 52 60 2 59 92 37 61 5 84 78 26 27 60 56
321
15
50 28 30 15 77 51 48 56 16 21 62 15 45 74 1
292
15
38 97 56 6 12 50 28 42 94 51 54 17 61 26 48
294
15
76 70 83 30 40 40 8 75 3 22 9 16 79 97 84
404
15
49 95 91 36 26 52 25 45 33 52 32 100 94 25 42
311
15
80 89 90 62 47 64 67 66 57 49 78 43 33 24 49
219
15
4 59 10 45 14 41 67 92 72 93 88 93 17 12 55
421
15
17 9 19 55 22 54 27 68 75 47 48 61 59 96 1
315
15
82 66 16 99 51 39 78 76 100 34 63 23 56 96 54
317
15
62 63 77 70 77 82 13 97 65 65 81 19 78 52 87
235
15
33 24 95 20 48 51 93 19 87 11 31 93 92 76 14
420
15
61 45 38 60 34 37 82 76 81 65 43 93 25 28 9
297
15
92 13 64 76 50 41 3 93 30 45 40 71 81 77 18
350
15
63 47 18 68 31 27 23 27 25 13 37 44 69 70 45
234
15
92 76 63 43 90 88 70 77 62 51 38 44 88 98 62
238
15
49 69 4 77 73 78 17 27 91 59 60 33 9 51 69
317
15
96 85 95 2 33 10 12 55 76 38 64 47 22 45 57
356
15
59 94 10 64 88 12 25 68 18 62 83 9 21 84 11
437
15
30 40 82 90 86 47 37 26 89 74 8 68 92 89 85
346
15
23 8 54 98 79 55 48 69 22 29 92 25 24 50 79
337
15
95 85 87 97 71 50 50 54 42 71 62 73 7 81 37
278
15
80 76 81 2 97 76 47 97 11 47 46 12 98 43 100
417
15
96 72 58 2 29 6 12 19 93 20 23 89 21 56 65
409
15
69 48 32 7 31 37 41 8 14 88 61 98 15 56 38
317
15
54 15 3 55 80 57 2 76 10 22 69 61 17 29 18
354
15
99 92 52 92 12 25 7 95 10 52 25 93 95 93 12
476
15
44 78 33 22 86 66 43 34 28 89 26 40 95 52 37
289
15
91 38 84 47 46 49 74 11 77 93 96 18 58 22 83
367
15
19 81 11 54 87 6 39 51 77 30 20 48 34 12 46
312
15
12 99 87 24 27 65 53 9 29 34 52 58 16 69 46
332
15
89 89 51 31 80 42 83 4 12 1 78 53 97 52 80
376
15
51 48 9 90 48 21 5 80 57 46 73 43 29 42 62
263
15
76 25 51 65 10 71 79 97 59 4 33 45 91 50 57
320
15
40 34 29 70 78 84 22 34 58 65 47 52 63 53 29
231
15
76 71 19 19 60 56 14 11 11 85 86 21 64 86 29
400
15
35 89 83 70 46 10 60 85 29 89 91 49 60 24 25
349
15
69 90 55 98 86 33 65 16 42 43 18 76 80 52 43
305
15
94 58 71 24 5 11 52 49 45 23 30 70 18 78 80
344
15
61 49 20 41 53 58 29 76 70 10 44 65 70 72 45
226
15
27 9 20 89 62 83 28 39 58 64 37 37 5 88 53
332
15
40 37 48 50 55 12 44 59 88 48 48 65 54 29 94
201
15
73 28 53 67 46 4 41 45 40 6 60 2 68 52 7
286
15
56 83 50 15 11 90 88 40 26 64 37 99 55 15 42
343
15
75 56 96 58 65 31 62 83 79 78 96 19 21 100 19
341
15
81 21 72 26 13 50 16 47 33 2 52 11 44 51 90
310
15
34 97 41 38 88 42 15 8 44 32 73 65 9 1 98
370
15
89 55 12 25 76 30 53 32 68 65 92 49 82 94 66
310
15
3 22 93 21 26 65 1 84 65 90 1 64 30 79 67
436
15
44 91 41 89 21 16 79 48 11 20 4 43 44 83 17
347
15
22 40 52 95 50 100 59 77 42 37 82 20 36 87 44
311
15
93 44 97 59 6 54 35 28 1 75 10 68 87 34 95
397
15
40 21 80 23 69 67 64 61 18 31 59 95 47 56 23
289
15
88 19 92 21 53 79 48 57 47 28 72 68 62 17 9
329
15
93 84 100 5 51 23 60 64 10 16 100 83 68 78 25
412
15
100 37 57 73 87 29 32 22 75 8 70 80 75 58 10
364
15
87 67 1 99 97 26 50 93 72 25 51 86 45 92 37
375
15
53 93 88 87 13 24 88 73 58 63 72 91 31 70 17
331
15
19 33 9 33 58 77 64 74 91 59 68 43 16 42 71
296
15
27 28 77 9 56 52 41 42 37 5 45 54 12 96 40
264
15
53 44 57 59 58 87 38 62 28 19 6 56 89 75 3
294
15
90 43 35 28 64 97 14 56 78 50 19 4 66 38 62
320
15
49 34 21 85 33 63 40 72 3 48 65 55 94 66 47
274
15
75 31 11 95 43 36 80 83 94 67 3 19 8 85 79
432
15
59 43 31 11 61 18 29 71 33 11 67 78 88 18 96
357
15
8 20 60 71 64 37 86 100 100 11 53 54 13 12 28
395
15
36 65 52 29 97 42 54 1 100 88 84 6 17 85 9
433
15
73 6 40 89 38 92 6 41 8 71 96 45 88 42 1
412
15
66 68 50 2 35 24 41 5 71 64 24 17 31 66 49
296
15
59 4 20 83 33 56 30 43 53 43 72 65 67 61 93
271
15
29 70 19 60 59 7 82 59 40 3 75 30 36 29 74
322
15
18 1 81 47 79 84 24 59 76 47 45 67 52 9 12
340
15
99 62 82 58 56 54 49 29 43 83 75 99 5 41 98
312
15
97 1 70 2 66 11 69 21 69 79 22 21 42 43 54
383
15
38 95 56 44 8 1 27 65 49 22 22 25 1 66 98
367
15
97 8 23 100 51 8 89 39 57 37 9 12 43 64 3
397
15
6 42 56 15 95 24 64 22 35 69 27 91 74 25 56
337
15
51 2 34 60 55 67 2 88 94 85 16 76 94 41 28
386
15
62 44 37 100 89 25 62 15 90 18 34 38 30 26 9
308
15
86 62 56 13 29 19 19 1 85 24 19 12 5 77 84
386
15
37 25 68 37 34 87 47 81 18 60 60 44 23 41 77
258
15
20 46 91 80 18 61 61 28 62 26 17 89 75 32 22
332
15
78 66 49 85 75 43 51 70 97 42 60 46 86 51 47
215
15
100 87 28 78 75 78 92 68 29 84 12 30 15 4 67
408
15
91 55 76 67 62 43 92 39 58 21 80 84 20 72 54
268
15
1 67 26 71 49 67 54 25 10 63 25 87 75 97 10
381
15
54 60 97 13 34 62 54 37 20 47 64 22 17 20 62
283
15
62 38 64 72 79 91 90 49 95 69 85 55 5 13 94
313
15
94 69 87 57 65 82 17 62 37 99 3 79 60 60 68
279
15
40 29 80 14 65 4 38 30 3 94 17 43 78 22 18
323
15
27 17 94 78 23 61 73 1 81 78 82 22 34 64 32
382
15
37 92 90 6 4 94 94 40 52 87 3 48 57 92 74
428
15
41 90 92 39 48 45 57 73 19 23 69 81 51 43 25
278
15
46 98 69 91 75 50 72 68 32 23 17 29 81 74 46
316
15
89 68 84 90 48 8 25 21 42 31 10 92 8 42 1
377
15
74 43 75 42 77 62 39 79 18 90 73 37 87 57 100
284
15
24 13 38 56 89 6 27 59 18 38 76 78 55 93 56
342
15
48 46 62 32 9 97 21 99 42 49 81 43 99 38 35
313
15
62 80 41 34 93 17 74 22 47 51 56 74 48 17 47
264
15
53 89 42 24 27 7 18 10 70 80 84 39 63 91 64
374
15
14 60 44 16 97 72 90 58 3 66 68 20 62 37 31
336
15
15 79 74 96 18 63 19 52 35 81 18 82 42 38 36
342
15
78 96 83 15 96 65 47 65 17 29 53 55 72 92 7
352
15
91 15 23 18 23 7 35 1 86 14 91 8 32 43 84
376
15
4 81 41 54 7 20 48 1 98 35 35 82 72 3 66
396
15
17 2 34 68 68 51 7 98 11 42 95 55 2 27 10
384
15
86 48 82 65 96 99 32 62 29 67 15 53 70 62 13
305
15
33 38 12 9 29 5 20 74 42 78 78 2 18 95 35
345
15
67 94 93 46 93 59 92 92 8 78 6 8 13 93 88
428
15
66 11 54 67 34 85 65 64 64 88 65 29 9 46 13
303
15
1 75 55 32 39 15 62 88 63 25 44 45 48 2 97
329
15
49 23 94 15 78 37 40 30 90 94 18 51 16 48 49
325
15
16 67 94 75 67 23 56 36 21 69 47 66 84 93 61
284
15
55 91 37 12 55 14 72 61 4 57 75 37 64 25 29
317
15
81 7 15 32 59 57 6 43 16 61 9 60 20 17 32
303
15
70 84 11 63 33 60 47 65 85 88 96 54 15 1 57
330
15
1 50 88 47 50 94 32 48 33 39 46 12 38 22 4
252
15
12 38 100 2 50 95 4 31 1 66 3 70 12 57 73
434
15
64 35 70 56 100 92 84 76 9 50 55 4 79 65 68
295
15
89 36 42 31 47 57 11 51 6 22 18 2 7 2 94
324
15
36 51 15 95 53 81 62 4 16 67 52 28 83 86 17
360
15
67 100 97 48 3 78 78 23 61 19 44 44 52 56 3
353
15
26 83 97 74 9 100 81 44 25 17 31 41 35 17 57
370
15
65 16 98 59 54 49 10 27 92 14 40 74 98 40 33
351
15
21 79 44 26 63 55 49 11 50 92 54 14 34 68 3
308
15
74 91 22 96 21 86 4 96 96 16 54 52 76 81 94
395
15
47 12 21 94 96 22 99 20 19 17 55 25 60 90 11
415
15
49 4 63 96 59 23 62 82 12 81 65 2 12 27 19
409
15
58 31 68 7 46 70 34 79 20 58 100 74 13 55 29
324
15
77 16 33 55 42 39 96 53 96 21 8 4 54 22 46
334
15
26 93 95 72 20 10 66 25 97 58 5 93 70 15 91
452
15
24 58 76 87 68 33 59 67 39 45 61 40 25 25 62
245
15
81 50 19 34 25 9 5 80 64 2 40 31 51 13 29
296
15
93 2 50 18 15 100 28 65 91 93 92 82 12 56 94
449
15
74 76 19 89 64 35 24 36 24 92 59 16 74 22 61
354
15
12 36 89 61 6 42 34 79 97 16 14 62 29 100 6
411
15
28 5 37 71 87 92 46 90 62 67 83 83 72 4 65
329
15
78 37 29 82 10 64 7 64 40 52 7 20 18 9 71
343
15
36 89 77 70 98 36 45 4 24 68 56 11 70 31 13
364
15
1 65 3 98 82 14 62 5 11 3 40 39 69 37 71
390
15
61 66 13 3 51 90 94 100 96 79 4 25 33 27 59
430
15
79 18 97 27 30 36 77 5 64 78 60 3 11 20 22
385
15
91 6 93 79 62 86 65 56 74 41 48 45 71 78 10
298
15
29 15 43 33 15 54 41 36 36 5 92 60 62 78 97
305
15
16 46 23 73 65 84 73 3 76 76 24 4 38 24 59
366
15
89 75 36 13 27 82 88 40 39 15 78 54 81 86 17
377
15
37 42 73 45 91 98 83 68 49 99 20 71 19 20 32
356
15
84 10 73 99 68 45 59 54 69 65 51 70 41 8 2
303
15
74 37 93 93 89 56 60 83 98 50 19 29 14 29 62
356
15
58 82 95 73 36 44 66 44 1 73 28 17 17 85 32
345
15
16 81 6 30 13 68 79 57 36 63 63 44 89 14 66
344
15
5 56 62 54 34 62 86 89 26 7 32 81 24 82 94
368
15
69 51 89 1 70 39 76 3 31 74 25 97 49 57 27
355
15
87 87 20 60 99 74 72 40 15 46 81 57 19 36 92
332
15
74 73 43 84 10 74 47 32 6 76 45 7 16 47 33
316
15
91 39 78 71 33 25 40 64 30 78 51 27 74 11 48
302
15
14 56 36 67 75 65 61 77 57 97 60 30 11 25 60
273
15
74 12 41 43 60 46 7 76 3 30 12 66 73 82 92
370
15
46 62 65 10 87 18 33 76 77 50 44 64 49 39 32
256
15
14 83 8 99 18 92 15 97 13 69 27 7 63 88 84
489
15
22 44 96 20 9 58 2 65 40 61 8 98 38 44 99
378
15
68 95 28 20 69 15 39 94 70 71 5 53 62 68 100
345
15
87 33 34 1 98 23 5 97 69 65 8 7 25 31 16
388
15
67 70 82 27 72 83 26 64 62 78 86 82 23 30 69
254
15
62 83 86 66 35 18 3 92 52 79 93 93 70 86 15
361
15
2 93 2 95 19 82 90 92 100 59 58 50 68 97 24
435
15
13 22 7 20 37 35 10 70 96 4 5 61 86 60 34
364
15
57 92 56 19 76 11 93 50 66 99 81 37 71 52 81
306
15
39 46 10 4 85 52 37 85 75 49 77 98 48 68 79
321
15
50 47 82 84 70 52 80 99 16 55 54 3 92 95 18
361
15
88 10 45 92 13 78 1 16 36 17 52 89 69 14 53
414
15
97 76 93 43 51 23 63 43 69 13 43 79 4 90 80
364
15
76 68 6 55 62 68 61 40 10 57 76 75 67 61 29
233
15
10 14 22 26 22 3 99 29 95 66 21 7 42 65 29
323
15
69 87 70 59 92 32 49 90 28 91 8 13 75 12 21
401
15
74 64 58 85 48 65 98 91 72 96 71 3 2 14 64
333
15
3 14 54 25 43 94 55 71 38 29 2 6 56 99 92
399
15
94 26 91 63 6 65 11 48 36 91 9 85 68 81 27
407
15
87 80 72 96 4 20 71 32 35 15 5 12 23 26 17
368
15
17 4 12 37 58 100 9 38 20 85 62 70 50 24 87
377
15
70 69 60 66 42 99 19 57 96 1 74 83 49 11 41
327
15
89 57 40 45 1 23 59 43 52 79 22 88 63 9 11
331
15
48 21 92 36 97 29 61 59 79 78 7 54 79 79 29
330
15
81 21 13 7 87 74 57 31 41 85 65 58 85 20 35
367
15
79 39 83 53 72 41 69 31 17 88 93 68 77 60 90
273
15
74 37 70 14 69 35 34 97 57 18 67 26 31 92 49
331
15
5 60 69 2 26 59 75 51 47 93 51 14 50 44 40
275
15
100 23 6 69 51 56 99 52 48 69 12 3 87 43 28
369
15
25 10 66 5 49 26 23 51 28 79 27 11 90 78 5
336
15
5 50 59 62 14 60 90 15 77 85 96 20 49 47 94
354
15
31 51 18 9 62 56 11 43 16 67 93 99 48 91 88
360
15
25 31 62 69 78 68 75 92 48 56 49 40 86 97 72
254
15
29 29 84 22 9 62 29 87 69 62 17 17 44 69 92
358
15
72 11 84 79 25 53 17 14 95 22 96 70 12 97 37
439
15
4 65 86 4 32 77 67 61 91 47 4 57 48 2 70
367
15
80 11 56 51 44 42 89 42 85 54 8 64 30 47 78
277
15
87 25 53 92 42 26 57 46 16 20 54 30 51 16 51
265
15
10 25 6 49 59 73 5 17 64 24 84 2 80 74 67
394
15
48 10 21 30 43 19 60 60 53 78 26 65 38 88 39
265
15
46 63 99 22 60 42 2 37 66 67 18 83 93 79 91
342
15
38 34 54 18 57 68 62 95 84 26 88 67 98 36 90
303
15
16 62 64 31 5 84 62 71 77 67 45 26 6 56 94
334
15
3 72 49 61 81 45 33 11 77 87 26 71 18 17 58
354
15
5 6 64 17 19 93 39 67 51 56 87 98 76 61 94
361
15
21 47 22 93 70 43 7 17 45 81 44 45 51 48 54
238
15
36 34 57 8 59 50 65 94 59 13 44 92 65 49 98
296
15
57 7 48 87 3 63 27 8 23 14 80 92 79 80 88
439
15
11 23 66 44 34 82 59 18 1 85 24 81 97 86 65
401
15
50 66 49 31 55 86 32 35 42 93 72 14 76 44 27
272
15
60 10 9 68 62 37 33 39 66 82 56 94 47 50 83
290
15
19 15 13 40 1 6 37 99 72 93 99 14 38 40 67
399
15
57 66 45 5 96 75 51 8 27 64 68 77 57 23 87
317
15
5 78 31 14 57 40 70 54 41 24 91 84 67 87 43
325
15
83 60 5 42 26 89 65 62 77 17 84 90 14 93 94
366
15
43 37 55 82 79 83 53 61 11 84 68 16 36 1 36
322
15
52 96 79 49 64 78 35 63 86 73 72 10 21 88 78
284
15
77 55 89 66 98 83 77 97 98 69 36 36 38 42 98
298
15
78 92 1 87 61 7 93 73 34 73 32 6 67 65 72
362
15
44 88 21 44 39 65 71 75 98 77 35 51 57 11 47
286
15
2 73 85 95 32 95 22 78 14 48 71 42 36 68 72
370
15
54 73 38 86 24 4 81 12 66 31 84 68 74 32 29
362
15
4 12 70 59 77 93 83 32 91 62 1 93 57 38 56
366
15
84 66 27 29 75 40 7 92 82 46 64 4 45 42 14
338
15
32 69 62 30 3 76 14 68 100 68 81 72 75 58 4
332
15
74 79 59 35 43 73 81 41 69 98 14 32 66 89 45
294
15
27 96 75 8 94 10 88 54 86 11 41 30 56 92 52
406
15
38 98 12 32 63 11 21 84 18 70 54 52 87 48 57
328
15
47 57 33 31 53 1 48 79 19 3 11 2 95 71 71
374
15
73 48 17 62 10 58 53 23 18 64 93 23 23 13 100
351
15
3 54 20 16 80 67 31 84 60 18 70 94 15 76 29
393
15
72 96 78 71 95 4 8 98 55 40 84 39 85 86 87
342
15
32 74 72 100 94 7 66 64 30 72 6 86 49 68 1
371
15
10 58 62 55 21 1 93 79 90 18 41 98 88 95 58
401
15
73 95 89 69 97 15 27 55 79 14 85 85 6 30 94
408
15
71 88 9 80 53 86 79 83 20 44 42 24 12 88 80
380
15
72 72 14 70 24 25 47 47 86 88 65 58 23 79 27
318
15
86 83 55 96 89 4 56 32 8 91 90 4 57 33 16
410
15
75 95 71 48 21 95 37 2 26 36 75 63 29 13 48
358
15
53 45 6 69 27 29 89 48 22 29 7 45 89 59 97
331
15
73 98 6 58 98 83 51 67 34 26 61 89 49 46 76
314
15
67 78 39 99 36 48 19 80 4 99 60 17 23 98 94
429
15
38 29 75 73 64 16 21 14 71 90 59 5 65 39 87
363
15
62 42 30 94 46 13 80 58 31 5 46 93 6 81 7
380
15
2 43 77 15 35 74 49 58 91 35 24 60 67 41 67
281
15
31 53 71 75 18 67 70 7 45 39 86 5 32 2 48
333
15
98 53 87 41 83 72 60 84 28 13 68 39 14 14 78
350
15
100 67 18 21 38 47 80 28 83 100 42 8 18 8 45
380
15
45 81 24 43 47 77 73 24 12 96 86 67 50 10 93
368
15
51 18 63 31 80 86 1 75 79 6 17 21 2 76 52
415
15
64 98 87 49 35 26 6 43 43 10 99 95 73 31 32
382
15
74 68 55 33 48 7 13 85 91 40 91 11 54 63 65
324
15
18 37 69 60 50 71 11 45 3 33 87 15 39 78 38
305
15
20 97 49 58 56 53 79 98 82 35 17 56 33 10 32
327
15
49 20 87 82 36 60 1 36 19 82 27 62 5 11 42
339
15
97 77 51 84 57 13 57 74 35 3 28 4 87 88 1
400
15
25 91 71 67 98 48 14 29 86 4 97 70 98 73 90
376
15
74 58 26 1 75 40 78 1 64 28 27 98 34 79 16
387
15
66 45 50 1 65 4 52 69 54 19 13 56 27 20 49
283
15
44 22 81 68 29 72 54 58 98 3 25 80 95 32 46
351
15
74 10 77 5 32 68 72 39 74 46 13 23 86 12 97
400
15
42 81 22 76 69 44 18 88 77 28 1 96 41 62 99
383
15
93 43 36 21 59 94 53 90 44 34 44 21 24 43 14
277
15
45 6 22 57 67 60 58 87 96 6 16 66 60 26 27
345
15
63 53 53 35 100 18 81 22 45 91 4 69 83 10 11
387
15
38 22 57 62 31 63 33 30 27 10 12 42 50 1 39
213
15
4 93 6 89 56 49 83 49 94 22 23 46 55 29 35
347
15
58 20 61 45 78 36 70 50 75 62 32 10 93 19 95
322
15
42 39 57 36 52 1 24 57 41 24 38 21 96 79 34
245
15
48 33 57 46 48 52 96 26 79 79 91 79 67 10 24
309
15
44 6 59 40 58 67 35 97 82 10 28 44 8 36 64
308
15
47 18 2 32 56 86 81 34 10 61 39 100 10 23 17
345
15
62 76 67 66 33 64 64 33 55 22 47 20 33 67 18
253
15
85 38 48 61 86 13 30 23 22 95 21 89 54 92 30
385
15
40 54 6 97 44 34 39 46 36 14 75 40 42 11 12
246
15
73 93 63 2 19 85 72 40 27 53 11 15 39 93 53
379
15
60 76 60 16 35 29 98 56 63 20 45 52 3 76 78
307
15
84 24 38 83 50 15 36 21 57 52 58 52 85 45 95
283
15
23 66 30 49 4 48 19 44 19 23 90 40 36 98 39
281
15
91 22 47 80 19 1 34 94 34 53 98 63 7 90 89
435
15
14 97 31 5 30 14 16 14 25 46 70 35 71 56 82
339
15
80 24 39 16 38 86 82 34 75 55 66 51 15 41 42
288
15
85 41 95 35 57 95 94 7 51 74 23 3 19 46 71
391
15
23 71 44 85 35 81 40 100 21 86 16 34 91 91 9
427
15
52 56 56 4 3 80 75 8 61 29 18 54 54 92 83
333
15
83 8 92 2 15 62 64 38 86 7 45 15 39 38 50
359
15
70 57 97 57 9 69 94 43 97 100 50 50 28 30 4
357
15
91 44 54 93 81 29 40 42 60 19 9 100 26 33 99
366
15
48 3 38 40 84 46 65 9 79 49 56 91 56 51 22
275
15
30 33 2 96 46 7 89 51 50 43 94 60 81 64 2
352
15
84 71 68 93 5 8 6 14 50 95 70 45 7 80 100
456
15
11 29 10 86 58 45 37 70 73 2 48 88 97 47 10
371
15
35 45 30 48 59 17 34 48 7 58 52 77 98 74 95
284
15
64 5 20 83 72 55 81 76 61 36 55 96 3 13 88
370
15
78 81 82 22 94 77 82 74 49 52 29 94 93 16 4
357
15
99 96 93 72 20 40 71 27 79 20 72 58 45 78 60
308
15
40 21 23 97 51 56 77 61 42 89 24 66 85 7 43
323
15
34 16 30 25 87 31 95 74 8 97 7 1 98 42 74
449
15
10 67 16 7 69 4 56 89 12 87 27 39 33 23 91
399
15
71 99 86 37 58 88 79 40 95 27 99 83 78 43 92
288
15
49 73 21 79 9 16 11 40 77 2 71 28 63 63 92
391
15
22 93 47 14 97 18 91 65 64 74 9 89 28 6 11
465
15
63 40 96 30 100 30 59 27 90 23 69 40 16 10 53
341
15
54 23 30 67 11 96 95 1 62 88 38 2 48 43 46
362
15
80 77 3 75 68 81 77 82 29 56 71 9 3 35 32
364
15
7 94 70 69 59 20 24 45 40 56 51 14 2 63 72
331
15
2 78 38 66 92 60 18 82 23 89 70 90 56 54 4
354
15
29 36 7 82 95 44 40 17 77 77 98 3 85 91 46
429
15
38 37 71 71 42 45 16 26 62 96 51 97 53 31 54
267
15
2 86 42 78 73 92 6 97 19 58 89 62 91 35 64
382
15
93 48 26 93 21 72 49 80 54 98 97 31 61 66 95
333
15
35 30 57 61 70 85 66 33 92 13 77 75 77 20 52
297
15
63 76 59 7 20 45 5 32 79 70 61 29 68 45 1
321
15
76 68 65 41 72 94 4 45 29 30 60 83 45 66 77
275
15
42 3 88 7 1 54 70 80 63 48 99 3 79 62 18
410
15
21 82 48 98 31 7 54 31 48 26 34 51 58 77 85
307
15
2 16 49 71 83 16 49 37 49 61 98 37 10 74 40
327
15
63 65 95 65 90 49 41 47 36 11 7 12 12 2 17
355
15
78 78 83 100 11 49 18 81 97 2 38 38 62 33 31
390
15
55 24 30 90 100 41 44 61 9 72 51 32 14 59 48
294
15
34 66 27 70 28 20 12 62 47 69 2 60 23 93 82
343
15
79 76 16 13 22 6 87 65 38 77 50 2 1 11 99
462
15
80 2 44 71 60 95 91 54 26 3 6 16 65 18 8
437
15
57 60 25 12 5 64 18 67 79 97 37 49 14 95 35
365
15
71 39 27 3 62 75 77 90 63 58 66 100 78 66 37
265
15
70 62 51 52 56 73 71 77 71 45 37 77 72 17 22
223
15
32 84 93 13 88 93 36 21 55 24 52 21 68 87 91
405
15
39 15 67 21 28 42 81 74 84 13 62 71 66 17 21
348
15
17 86 43 37 9 100 31 26 17 30 1 21 39 84 77
333
15
58 85 86 8 1 8 14 95 10 22 42 1 41 77 64
426
15
34 39 20 92 12 78 44 91 84 58 31 63 77 21 14
362
15
29 15 88 74 19 21 100 29 53 19 35 6 84 76 39
372
15
55 74 82 64 78 89 66 25 63 80 90 15 58 43 100
267
15
89 23 93 49 92 20 10 76 58 73 42 62 96 86 17
382
15
43 10 53 98 20 21 66 13 80 92 54 32 88 90 82
393
15
9 89 94 78 9 92 15 61 58 86 81 7 24 39 9
433
15
93 8 51 3 4 2 3 96 35 18 58 62 1 11 37
386
15
11 28 76 88 96 24 59 66 50 53 62 21 32 56 1
330
15
84 81 73 67 76 98 63 40 8 29 80 19 18 42 43
340
15
10 3 22 61 59 72 34 28 42 64 1 52 93 48 71
318
15
78 69 99 86 39 81 43 33 93 22 33 96 18 85 29
392
15
5 7 78 90 34 22 78 31 36 53 32 25 24 58 35
282
15
12 29 23 72 95 96 78 27 92 75 8 55 15 57 24
404
15
11 40 71 42 19 66 40 61 60 9 13 38 30 31 19
229
15
98 65 74 31 76 38 8 20 41 36 97 41 73 85 1
393
15
39 6 71 9 66 18 58 25 90 50 73 7 77 57 24
353
15
25 89 10 17 58 98 90 67 47 12 70 34 98 53 18
391
15
34 36 72 59 49 41 19 38 97 31 70 61 28 54 28
241
15
28 22 30 16 40 53 1 38 48 10 91 63 31 34 79
271
15
54 13 75 77 99 79 56 43 34 19 26 10 35 56 19
332
15
69 63 56 2 100 79 91 71 47 7 20 13 45 54 1
381
15
4 52 26 27 82 4 88 99 20 61 17 76 66 15 2
435
15
100 26 81 84 64 30 41 80 10 94 13 74 22 56 98
396
15
12 10 25 69 49 92 62 34 79 39 98 82 85 21 68
377
15
99 40 11 59 30 22 1 31 91 65 19 86 78 22 82
414
15
69 49 69 52 18 40 65 37 16 66 3 29 89 71 38
289
15
19 7 34 32 48 31 9 47 14 62 50 46 84 75 25
266
15
50 54 75 57 75 42 51 71 60 34 79 100 16 4 30
287
15
64 62 49 86 39 89 86 19 16 76 60 49 2 90 60
319
15
91 51 98 48 5 22 20 35 96 37 52 37 52 42 52
290
15
49 23 99 42 18 5 74 61 68 7 89 66 62 31 71
353
15
92 98 93 26 61 47 15 40 46 88 30 80 47 96 20
384
15
69 64 80 67 26 56 32 74 33 79 67 87 20 95 97
281
15
54 8 12 88 9 82 45 43 16 66 93 21 2 68 1
425
15
67 100 76 54 76 36 34 48 76 96 78 58 57 34 50
248
15
85 13 57 46 91 44 61 40 11 62 31 57 29 64 57
263
15
35 100 65 31 99 99 93 77 28 59 61 77 92 37 13
373
15
96 1 69 2 65 53 53 33 62 40 41 69 53 31 43
266
15
98 72 99 50 44 100 14 44 30 34 16 91 48 91 43
376
15
33 40 7 63 26 12 72 65 11 40 15 85 52 35 61
292
15
90 50 31 46 67 74 5 25 87 6 49 40 98 21 80
372
15
11 43 54 76 92 57 24 8 57 61 78 14 39 33 100
346
15
85 28 25 84 39 67 18 55 12 52 26 29 65 74 14
330
15
34 1 19 30 23 22 20 66 59 84 41 43 37 76 3
288
15
15 38 16 24 94 74 70 86 30 52 94 7 79 79 81
394
15
73 89 29 88 19 24 95 98 59 72 24 23 13 7 89
451
15
25 14 26 52 87 18 92 11 86 22 63 83 81 14 55
414
15
17 35 30 79 75 24 80 96 24 27 76 64 22 22 47
340
15
54 54 15 3 92 2 8 25 37 28 90 53 18 56 70
353
15
33 78 2 33 77 49 93 1 86 43 54 42 65 12 10
359
15
82 78 39 38 98 2 91 19 99 3 15 12 6 7 24
461
15
83 93 80 69 63 39 37 80 84 66 4 73 80 65 17
268
15
17 52 71 15 96 97 1 10 26 87 32 64 55 87 44
409
15
22 45 86 86 85 74 95 12 63 68 56 84 59 42 29
291
15
80 93 41 45 27 24 71 61 2 34 89 54 8 94 52
361
15
70 32 85 34 31 47 100 80 73 59 9 67 45 42 82
306
15
36 18 32 87 36 1 11 36 73 28 1 74 7 66 23
319
15
45 2 47 51 78 45 56 35 17 58 84 14 61 93 4
317
15
46 39 51 6 85 48 59 40 51 67 26 80 21 95 23
285
15
91 93 80 2 51 68 91 56 27 76 59 7 15 42 2
377
15
14 48 36 96 13 11 90 56 88 86 80 59 79 67 94
349
15
29 7 89 57 14 31 38 81 32 88 53 28 35 34 41
272
15
5 92 73 76 5 92 23 69 89 59 59 3 54 72 85
367
15
15 16 13 19 92 17 5 35 28 1 93 16 89 8 27
307
15
13 67 89 67 29 1 1 73 33 4 93 17 53 43 40
387
15
80 59 49 12 83 33 90 6 24 86 31 62 77 74 21
366
15
7 94 90 74 44 11 90 22 40 4 84 92 46 43 15
424
15
27 37 72 66 90 51 73 58 7 42 90 16 47 34 28
290
15
84 60 41 98 40 67 15 90 16 5 36 91 56 48 33
352
15
60 94 51 31 23 96 51 26 95 43 98 65 90 54 76
335
15
4 31 23 96 85 29 18 8 50 24 91 2 56 5 90
409
15
34 41 58 58 66 21 55 87 89 88 24 24 73 100 19
335
15
60 70 74 15 36 9 90 44 73 67 99 5 22 89 99
396
15
65 23 45 60 53 33 77 17 21 3 64 86 55 34 41
288
15
30 65 76 81 3 100 95 49 59 17 57 97 79 16 2
417
15
42 56 41 9 94 43 69 62 86 100 52 54 56 99 74
283
15
49 11 28 72 52 27 48 46 75 49 14 18 38 56 5
258
15
82 5 61 41 27 54 57 9 15 78 15 83 38 81 59
348
15
54 92 57 55 6 62 61 87 73 17 40 2 47 2 92
355
15
43 95 21 48 98 37 95 27 51 85 82 30 77 86 9
395
15
18 76 70 61 89 79 27 37 94 54 86 72 100 59 48
292
15
53 27 3 84 22 5 100 50 72 32 91 11 88 5 10
445
15
98 90 22 4 95 45 17 20 36 68 21 30 92 45 44
383
15
30 70 61 2 20 84 7 91 30 79 39 81 18 87 76
422
15
60 31 68 100 13 95 13 14 21 25 57 22 57 90 90
418
15
55 18 41 93 76 29 70 100 38 71 2 46 79 28 6
377
15
91 54 71 63 41 34 99 50 80 53 91 43 65 8 18
294
15
23 81 38 36 46 49 79 1 5 64 24 77 48 49 98
318
15
11 63 49 49 83 28 88 8 22 25 63 79 56 57 62
297
15
14 61 52 98 9 1 93 88 3 58 35 94 88 40 76
438
15
59 5 8 28 82 72 100 96 68 16 3 18 26 81 98
493
15
44 84 2 87 83 51 96 10 74 92 63 15 13 54 23
411
15
57 75 25 21 38 1 49 57 17 55 1 35 57 98 59
312
15
20 30 97 70 77 53 63 29 76 21 42 84 93 16 64
350
15
23 98 69 53 13 59 71 79 86 77 77 4 74 60 35
315
15
69 13 7 88 70 98 2 78 19 61 65 19 96 27 14
455
15
60 71 33 49 89 72 46 18 87 89 20 95 49 43 54
305
15
41 23 31 6 73 52 8 70 64 29 22 23 37 93 35
288
15
55 63 69 87 59 23 92 28 53 8 31 44 75 98 43
313
15
90 83 54 13 14 4 29 95 16 27 37 42 56 81 82
388
15
61 38 70 92 4 45 57 43 52 66 58 88 1 91 54
289
15
100 51 5 60 63 28 8 5 8 23 13 87 21 90 13
404
15
86 16 6 54 5 86 1 23 32 79 15 69 66 46 86
388
15
35 4 21 41 24 22 83 72 47 33 40 41 60 95 77
290
15
5 1 100 22 68 69 84 40 62 85 35 70 42 68 30
369
15
27 56 18 31 56 93 51 30 21 24 9 12 94 98 23
342
15
12 64 97 39 30 3 43 91 78 87 34 60 45 28 2
365
15
43 35 3 63 44 7 96 11 85 34 87 88 89 63 89
400
15
23 41 1 66 38 83 44 36 67 11 21 54 20 53 17
279
15
69 33 74 59 52 23 88 53 96 94 4 99 33 84 66
347
15
17 75 38 42 19 81 89 33 59 88 29 75 92 97 65
360
15
81 38 27 32 56 78 3 97 81 7 41 26 59 85 70
363
15
20 50 39 72 22 88 41 63 6 9 30 100 84 95 74
385
15
5 15 98 39 35 52 47 12 95 93 37 57 13 37 48
334
15
75 73 59 61 9 91 86 41 93 47 100 3 23 94 99
393
15
87 6 91 51 4 9 62 68 87 58 77 32 6 97 28
415
15
58 25 49 98 76 60 87 77 28 45 97 37 58 14 96
335
15
6 14 47 23 32 5 82 11 62 7 70 37 24 87 100
369
15
10 13 78 68 46 85 18 18 34 35 90 74 97 3 17
424
15
59 31 67 72 77 95 9 89 7 57 33 5 87 33 53
373
15
63 72 28 35 64 6 67 65 39 80 3 83 59 55 38
286
15
58 81 69 73 73 82 58 23 50 74 9 99 100 26 40
318
15
11 78 6 8 50 10 5 82 100 14 98 7 13 56 34
435
15
81 19 53 47 72 68 44 66 83 23 44 94 80 50 46
271
15
87 48 68 68 78 12 86 89 62 51 77 30 66 75 44
247
15
91 21 95 96 68 87 99 53 21 23 38 15 32 98 91
431
15
2 23 69 21 58 11 97 1 54 76 29 65 8 63 78
387
15
93 77 98 60 64 69 89 65 30 60 69 84 4 54 47
242
15
72 77 96 66 24 49 65 70 46 7 69 58 61 33 48
239
15
48 46 9 22 15 5 18 44 35 40 1 37 61 68 10
251
15
60 22 99 68 30 8 5 44 92 75 26 49 13 48 1
370
15
86 4 14 14 11 41 8 80 23 47 36 30 88 65 75
356
15
81 39 53 82 41 26 61 74 97 100 50 46 16 72 20
329
15
86 61 84 34 52 22 17 95 69 38 9 33 5 58 40
347
15
3 40 94 36 26 4 28 15 80 100 41 56 49 100 18
381
15
58 93 8 26 86 10 99 48 74 53 48 36 99 6 82
404
15
20 2 79 15 17 32 88 5 66 95 52 95 14 24 18
412
15
60 71 99 67 89 55 34 67 72 37 70 87 92 20 89
251
15
62 32 28 20 44 94 25 68 19 19 47 32 99 17 51
301
15
96 70 32 5 73 90 37 84 40 2 75 36 73 49 100
387
15
72 20 11 52 51 11 72 54 92 73 64 3 56 22 39
321
15
17 76 88 15 41 88 70 88 5 22 33 98 2 73 98
474
15
67 22 6 38 91 25 46 62 32 53 30 3 80 45 69
299
15
76 42 19 62 14 95 56 9 61 94 92 95 14 31 34
412
15
1 51 38 71 94 67 39 23 77 16 2 65 51 49 52
309
15
7 41 11 29 94 3 80 94 100 57 34 55 83 16 59
422
15
77 57 2 8 25 38 1 82 59 18 56 47 23 11 30
328
15
84 80 91 42 63 16 65 38 94 15 29 47 82 77 66
324
15
55 64 99 37 82 56 22 12 3 25 32 57 44 94 97
374
15
75 71 16 57 86 75 17 90 96 8 26 27 69 44 75
373
15
46 45 5 28 94 98 7 100 86 86 57 3 75 23 29
456
15
61 49 92 88 62 4 14 16 7 23 72 40 44 66 35
351
15
83 80 27 12 83 94 1 67 11 40 21 53 67 63 30
381
15
17 33 100 16 38 28 23 59 2 58 54 51 18 65 68
297
15
48 4 62 61 9 45 76 97 91 18 98 63 68 26 67
344
15
58 44 19 44 81 30 38 36 40 58 30 17 92 12 11
246
15
93 38 3 45 45 62 70 6 20 3 46 29 51 28 5
293
15
49 30 79 13 92 65 50 57 83 26 5 59 51 73 25
310
15
76 84 91 89 55 54 25 2 89 59 92 97 95 34 39
369
15
67 14 37 34 14 7 80 12 15 91 61 89 52 19 94
419
15
25 90 89 62 99 100 64 86 31 42 70 25 74 86 10
365
15
3 32 25 56 61 27 6 22 55 93 98 25 78 66 76
367
15
1 100 30 58 31 26 29 4 97 96 76 92 91 62 23
442
15
90 89 67 57 88 84 99 33 93 36 16 96 43 39 18
374
15
6 22 60 7 74 87 64 75 82 43 9 82 46 100 91
380
15
73 17 33 58 87 20 78 81 46 9 61 22 100 73 31
372
15
85 60 24 28 12 92 44 47 49 78 30 11 11 6 64
353
15
12 99 70 39 82 44 90 22 47 66 18 31 17 31 75
333
15
88 36 70 97 28 31 38 43 67 36 50 41 57 33 54
235
15
83 86 62 70 85 53 24 86 48 64 18 56 91 48 52
256
15
62 83 97 58 98 81 34 45 26 50 9 59 6 33 66
339
15
17 79 88 17 40 33 46 2 82 69 94 76 43 11 98
420
15
58 69 83 16 29 32 39 39 32 7 50 95 53 40 98
311
15
22 85 73 6 87 82 30 66 92 7 51 100 83 74 66
355
15
75 93 88 23 33 87 15 86 68 19 34 57 14 82 30
393
15
94 14 38 89 46 37 92 2 54 5 30 24 1 9 91
418
15
22 16 46 52 72 94 77 37 92 39 43 76 23 87 18
349
15
42 28 62 93 32 73 12 36 77 39 44 19 85 63 72
315
15
91 86 47 2 89 47 40 30 91 58 71 13 88 81 85
360
15
64 40 63 37 51 49 52 71 25 23 57 81 22 77 82
247
15
11 50 58 32 73 59 9 36 29 83 59 91 75 27 38
308
15
67 23 34 44 94 96 74 32 2 53 11 91 29 37 82
379
15
15 26 100 69 30 27 20 97 35 28 90 68 9 77 96
437
15
86 8 65 7 6 64 74 58 7 85 27 70 52 52 53
343
15
53 5 21 46 53 33 10 72 1 56 55 78 64 51 38
275
15
13 96 90 44 82 44 2 61 67 3 57 45 3 72 29
375
15
77 36 53 34 67 45 43 8 88 9 14 82 71 11 74
355
15
41 84 58 93 48 55 73 81 93 23 38 62 83 77 65
259
15
55 67 24 93 28 1 86 7 81 32 77 46 98 9 63
418
15
3 80 89 66 56 80 64 43 63 87 13 66 51 47 91
282
15
88 82 85 49 94 19 58 78 87 9 44 43 99 84 79
319
15
43 99 3 31 50 10 88 46 70 27 22 35 28 36 94
327
15
7 18 23 21 88 91 3 95 5 89 95 36 85 96 19
526
15
4 30 86 62 21 8 36 45 59 77 81 94 49 39 41
325
15
35 76 98 93 6 42 48 9 69 52 81 34 11 31 35
349
15
26 69 5 24 12 80 84 65 69 40 75 4 48 42 92
381
15
23 18 71 29 68 96 41 2 81 56 5 89 64 35 63
372
15
34 4 65 93 98 70 12 70 27 89 33 17 86 32 92
418
15
98 38 41 100 59 3 59 36 66 15 33 87 45 63 93
355
15
1 74 91 13 68 41 4 76 80 23 59 7 29 88 96
455
15
65 31 39 93 100 29 12 33 93 8 72 69 38 22 96
415
15
5 66 67 36 40 5 61 41 54 23 15 55 38 13 44
253
15
47 12 5 77 78 70 40 20 73 66 77 6 22 55 61
344
15
94 83 14 30 100 85 66 95 65 16 1 8 89 71 36
424
15
92 42 59 33 16 59 27 83 25 34 62 87 68 87 25
336
15
5 32 20 18 96 84 10 81 13 90 71 56 24 95 71
451
15
6 17 34 66 39 53 11 46 10 14 2 79 38 23 35
272
15
25 69 35 18 91 1 28 13 48 36 91 78 12 45 12
349
15
83 78 17 45 15 67 18 53 41 32 91 23 90 10 30
351
15
32 71 51 34 4 97 85 53 71 54 68 57 4 19 33
324
15
41 98 23 64 43 36 42 14 68 92 24 54 48 28 61
277
15
23 13 54 77 98 79 82 7 72 51 18 21 37 16 46
378
15
79 45 26 44 35 64 72 36 48 2 100 10 63 24 55
301
15
43 61 100 62 89 88 31 62 36 90 18 43 100 40 33
329
15
18 30 81 78 24 61 88 37 79 43 34 61 73 13 95
344
15
28 96 12 80 77 2 47 15 8 56 54 68 33 39 63
357
15
55 96 26 4 97 99 69 18 16 81 21 28 22 33 91
442
15
19 46 52 3 9 33 99 9 1 46 96 33 77 99 83
439
15
61 35 82 14 65 50 1 23 90 17 11 77 48 51 77
350
15
80 42 81 71 83 1 98 4 85 39 32 59 64 67 99
353
15
78 95 60 76 8 86 73 76 71 10 6 58 72 54 28
325
15
12 90 88 55 54 8 4 99 38 96 19 4 41 13 25
425
15
65 45 41 22 89 59 23 76 35 6 70 34 77 87 30
328
15
39 64 3 100 11 79 87 61 44 87 75 42 7 62 50
347
15
64 59 4 52 45 100 100 30 86 31 46 7 44 38 10
327
15
45 5 42 84 85 87 31 17 87 37 57 80 70 90 87
349
15
50 3 64 35 88 68 40 9 44 77 14 54 47 12 28
307
15
98 12 17 15 21 29 86 20 34 18 80 64 75 40 98
392
15
59 19 88 53 64 47 76 25 89 100 92 71 65 7 63
307
15
2 95 71 38 26 51 70 53 52 17 17 2 43 32 88
346
15
82 22 60 89 49 30 24 89 37 7 91 3 27 65 86
401
15
52 29 18 33 66 66 77 25 63 99 16 17 28 83 58
346
15
10 57 98 46 92 38 97 63 86 53 38 60 28 74 9
329
15
64 30 41 100 63 34 83 42 66 68 49 31 54 99 62
262
15
63 89 9 86 40 36 36 52 57 72 9 66 20 70 80
318
15
51 24 49 18 52 75 36 75 32 59 20 52 69 79 83
261
15
44 30 49 26 39 19 49 34 74 11 25 67 4 41 22
221
15
27 48 90 59 77 20 54 73 40 3 86 43 33 98 15
341
15
45 48 62 39 68 53 18 29 99 94 90 40 26 83 44
305
15
60 44 54 32 42 64 46 15 74 48 21 87 3 100 7
323
15
13 74 31 80 73 75 78 79 53 67 3 19 15 97 60
356
15
100 52 35 46 29 17 59 30 93 3 7 31 97 13 26
352
15
21 73 90 55 78 44 11 57 34 78 50 69 65 88 8
310
15
79 57 2 82 55 79 52 47 47 71 28 52 49 77 7
265
15
61 1 77 66 85 92 66 66 26 64 38 58 29 73 31
278
15
58 45 9 33 5 63 57 52 7 46 27 82 13 10 25
299
15
27 27 57 76 54 18 45 90 34 83 38 35 24 3 69
299
15
87 49 27 90 75 99 42 11 37 57 46 45 93 26 46
316
15
98 71 17 92 94 38 13 52 22 2 14 41 29 59 88
392
15
18 95 1 86 87 100 52 28 1 29 76 100 67 18 64
464
15
22 88 72 98 27 53 90 31 40 82 47 86 85 52 48
329
15
29 71 35 11 1 95 25 26 20 50 88 35 6 37 32
293
15
22 66 34 50 72 83 99 54 35 97 22 38 25 44 13
322
15
21 37 8 87 77 22 66 30 9 13 45 96 13 65 55
359
15
76 27 12 67 46 57 8 53 10 79 32 9 75 56 79
338
15
56 20 73 95 7 55 88 92 60 62 33 65 97 31 79
325
15
39 90 85 37 85 78 99 51 50 66 16 18 38 87 90
346
15
79 39 50 86 43 36 72 69 71 37 39 19 92 39 93
310
15
3 67 1 60 14 6 46 90 4 52 80 79 99 8 88
445
15
9 73 32 28 65 14 31 28 5 62 11 92 64 55 71
356
15
42 70 96 95 66 56 55 62 78 82 18 56 61 69 63
206
15
14 14 57 60 34 26 36 66 54 37 94 85 74 38 62
291
15
67 62 33 76 10 46 36 53 21 17 79 40 18 16 30
272
15
65 2 39 18 11 17 29 69 61 10 10 51 62 31 17
283
15
41 73 52 25 17 70 26 61 52 76 66 78 90 24 32
297
15
84 68 10 20 78 14 42 86 11 16 97 25 21 36 29
374
15
11 94 97 73 42 11 75 93 94 38 70 45 25 66 70
358
15
48 11 99 57 23 94 2 15 51 26 89 79 98 41 82
429
15
12 66 64 5 4 59 95 5 50 65 13 12 83 36 26
395
15
70 63 37 8 41 88 1 70 39 46 75 44 75 79 56
304
15
20 77 98 35 63 15 27 58 85 7 7 8 14 61 39
379
15
56 26 72 83 7 100 6 40 77 15 11 57 64 63 63
360
15
20 28 33 51 36 75 39 3 26 56 16 23 54 58 98
279
15
93 32 12 24 34 60 8 18 11 45 17 61 62 58 48
291
15
72 19 26 88 10 100 56 9 67 3 31 78 100 90 13
484
15
4 11 26 44 90 77 31 27 99 2 69 8 98 79 44
447
15
9 35 19 47 7 68 6 33 80 57 44 69 25 9 29
292
15
39 78 21 39 84 9 89 78 99 58 62 4 34 98 25
398
15
88 30 12 32 77 19 55 1 94 68 91 31 30 4 26
378
15
32 19 42 4 70 100 81 97 68 54 92 43 68 14 69
369
15
64 24 32 99 57 81 16 57 15 94 44 25 55 78 58
320
15
23 66 7 30 39 94 3 54 42 54 40 88 47 5 56
307
15
9 43 62 59 48 50 83 62 64 15 98 37 4 29 71
312
15
54 91 40 7 90 61 80 80 11 14 41 30 42 56 84
357
15
30 97 68 3 37 20 52 94 57 59 95 2 15 84 70
397
15
100 19 65 44 90 100 6 36 64 41 51 62 45 64 41
313
15
21 81 26 31 10 25 30 94 27 16 45 24 9 3 28
228
15
81 44 82 17 64 29 91 36 25 21 81 74 27 43 34
319
15
92 46 49 12 59 94 99 25 79 86 70 77 59 83 23
337
15
5 88 10 47 90 83 16 9 57 25 76 70 96 70 2
420
15
77 89 92 98 94 19 99 1 100 24 96 2 89 62 63
417
15
61 46 24 57 62 58 26 3 11 8 71 5 89 44 94
356
15
32 88 10 89 92 50 19 29 97 83 89 24 20 48 18
420
15
52 18 79 57 81 60 93 86 42 100 91 85 6 91 13
367
15
59 41 98 23 82 10 29 44 1 11 19 91 88 82 52
410
15
25 29 41 24 17 29 62 9 31 22 1 98 54 56 7
264
15
71 93 71 19 88 60 90 96 31 21 17 5 20 59 7
437
15
25 36 3 23 86 3 40 52 4 8 72 90 3 12 36
356
15
37 16 43 59 11 82 68 71 38 29 73 92 96 89 51
338
15
85 55 45 44 12 81 72 77 20 16 72 32 68 96 19
353
15
57 79 90 78 53 69 37 2 70 73 7 54 13 39 67
321
15
33 3 18 73 34 33 31 27 40 20 62 24 19 98 22
238
15
57 39 43 93 92 44 51 11 65 46 85 52 2 13 10
330
15
9 74 69 84 7 24 48 26 71 37 28 44 11 54 51
305
15
91 99 90 9 27 50 42 73 23 6 15 54 67 11 65
398
15
33 33 24 17 10 10 73 16 68 85 49 38 52 4 82
333
15
76 64 87 48 33 29 68 78 13 32 94 36 64 24 60
316
15
60 54 61 13 7 35 77 88 7 26 79 83 50 4 76
378
15
69 91 15 3 96 69 7 21 30 20 72 76 46 33 19
401
15
97 78 16 5 44 44 68 33 46 98 24 97 67 65 29
373
15
100 8 53 30 60 94 29 47 79 14 83 22 19 34 16
360
15
77 88 57 57 80 7 79 86 53 50 56 48 96 73 62
251
15
49 8 26 99 65 7 17 7 92 25 61 30 57 14 24
351
15
43 84 64 49 77 22 25 5 87 98 90 75 35 1 60
395
15
90 25 45 85 33 32 17 24 100 41 45 19 36 53 24
285
15
79 24 18 77 89 21 79 1 97 30 64 94 83 65 59
380
15
96 77 15 12 1 49 44 66 89 70 21 54 76 62 2
370
15
26 71 52 9 59 30 1 62 65 12 46 33 6 65 49
306
15
81 28 30 11 61 1 44 37 85 60 61 57 85 77 18
317
15
49 93 22 29 32 71 24 14 86 60 4 56 100 59 36
364
15
27 65 63 85 15 75 67 61 11 55 95 94 89 73 71
281
15
80 59 67 61 97 45 66 65 15 42 38 50 5 48 14
258
15
1 54 37 12 20 5 42 65 95 53 78 92 85 77 53
376
15
76 94 46 36 83 13 36 11 68 90 49 20 11 17 69
375
15
80 18 81 58 55 33 83 60 1 55 55 33 89 32 8
320
15
44 21 83 69 4 74 26 88 65 100 32 39 62 69 15
367
15
21 46 60 89 59 35 86 15 75 40 88 11 16 23 27
342
15
65 61 68 81 87 33 9 86 62 100 62 64 43 43 74
247
15
67 97 58 99 83 54 51 83 33 54 8 57 66 22 47
274
15
31 50 71 3 38 93 78 92 92 56 22 3 71 59 64
353
15
82 76 46 64 30 54 83 87 29 90 26 42 29 96 59
322
15
69 96 85 57 59 79 65 86 17 75 3 44 68 92 76
276
15
41 13 47 19 88 1 93 31 60 95 22 82 23 21 85
420
15
38 67 61 5 60 96 88 79 53 63 31 79 20 12 97
350
15
99 39 91 79 96 77 11 32 37 61 12 42 67 7 84
407
15
93 94 86 17 40 38 19 77 43 74 74 80 96 44 42
357
15
22 84 35 55 78 14 97 26 26 62 81 1 94 12 30
420
15
33 1 65 30 19 44 27 79 67 65 70 5 37 4 78
349
15
44 50 46 55 81 62 7 91 9 98 66 27 79 42 73
314
15
71 30 72 69 50 48 15 59 53 44 53 29 48 46 27
180
15
8 11 4 51 30 28 90 15 96 7 97 1 25 22 49
373
15
6 69 53 44 10 52 63 95 33 64 28 48 66 15 6
315
15
52 9 22 91 69 5 18 13 93 85 11 21 44 77 82
442
15
9 28 97 4 50 31 15 89 58 55 87 40 30 87 97
376
15
35 27 22 38 53 51 84 10 43 89 77 6 24 74 29
315
15
56 1 78 83 10 97 44 78 4 62 60 29 67 61 98
358
15
2 4 58 89 67 78 56 79 68 65 11 73 49 88 88
317
15
70 85 54 17 76 96 60 96 19 77 44 45 27 21 5
366
15
8 47 78 20 61 50 37 56 86 66 62 13 7 29 91
322
15
22 44 43 73 87 22 92 36 3 84 17 19 72 15 44
362
15
23 68 55 50 66 75 41 92 9 62 6 82 95 53 80
314
15
94 99 95 72 82 73 36 24 50 13 20 75 21 73 86
355
15
10 84 81 12 52 66 1 38 19 34 85 95 87 95 87
434
15
73 18 66 95 25 6 23 73 14 49 69 23 14 22 24
330
15
77 4 18 17 38 25 38 55 47 83 46 18 27 51 89
293
15
87 64 86 100 66 98 85 62 34 41 59 58 99 47 20
279
15
60 79 57 7 63 14 89 15 9 61 37 3 29 66 93
394
15
34 78 46 13 66 69 46 81 39 51 22 55 8 44 50
244
15
8 44 86 40 31 56 49 47 89 60 97 23 86 1 36
332
15
17 8 91 18 20 75 43 29 60 41 88 67 9 11 9
361
15
88 17 86 60 31 54 62 55 21 82 96 81 35 24 59
318
15
31 7 56 34 93 22 76 98 48 28 91 51 41 52 31
323
15
10 69 59 70 31 96 52 88 34 94 61 82 71 36 91
307
15
4 68 46 92 21 51 54 92 72 33 2 56 36 34 82
337
15
19 73 79 47 7 85 98 67 79 98 13 12 8 56 93
431
15
99 2 66 34 73 99 45 21 68 78 25 55 59 11 12
381
15
27 44 71 28 20 25 30 73 52 85 47 17 4 1 3
304
15
95 80 65 76 55 1 86 32 40 90 57 12 86 13 93
388
15
87 4 69 35 96 44 88 66 63 6 22 77 28 54 8
384
15
17 76 17 38 3 85 28 54 6 42 88 50 99 31 50
354
15
76 90 69 69 80 5 36 28 12 77 41 91 92 27 37
382
15
18 60 26 66 80 71 35 36 78 17 54 69 6 68 94
316
15
1 68 72 72 52 12 92 50 63 50 51 41 81 7 51
288
15
80 20 86 94 60 34 91 50 48 72 59 58 87 96 79
277
15
48 48 57 52 20 77 93 21 21 26 45 63 90 44 26
277
15
45 12 73 8 30 44 49 11 81 30 72 62 47 7 46
288
15
77 32 90 34 36 58 44 73 28 75 18 4 93 7 55
362
15
57 98 33 63 68 62 11 35 66 48 40 17 53 75 55
252
15
37 34 59 45 82 40 92 1 31 93 25 89 39 12 62
342
15
15 46 1 58 71 18 100 23 2 46 13 75 93 47 74
375
15
72 29 58 7 37 40 99 88 12 93 41 13 66 60 93
392
15
7 10 97 42 90 36 69 51 71 40 74 20 93 46 93
366
15
46 34 41 18 76 97 32 87 97 42 41 55 71 41 38
283
15
92 19 41 36 71 27 58 13 100 90 6 13 36 16 42
364
15
22 66 75 92 93 83 69 31 6 5 86 74 9 62 10
418
15
10 38 62 78 60 15 79 3 71 73 69 26 94 42 21
371
15
9 73 50 40 13 64 80 33 29 17 86 38 93 73 29
341
15
93 60 23 41 99 36 41 37 2 46 75 78 82 100 32
370
15
4 40 40 83 3 11 10 16 46 23 2 93 22 42 19
302
15
15 95 97 26 5 26 42 88 44 95 46 88 90 86 48
435
15
68 63 61 71 29 39 48 37 55 13 12 95 76 16 53
295
15
53 77 50 18 29 22 68 86 9 13 55 5 77 57 88
362
15
18 33 24 75 32 35 43 11 49 2 44 87 75 66 100
316
15
69 33 22 95 73 47 72 74 18 4 13 40 52 5 51
347
15
12 1 19 8 26 50 22 91 3 65 15 86 27 76 2
356
15
92 38 11 62 27 19 2 68 23 64 22 13 58 73 83
372
15
69 34 55 82 94 27 52 100 88 19 20 35 9 20 4
387
15
32 58 40 63 11 73 97 94 5 64 28 54 48 38 81
322
15
30 24 57 29 45 37 32 15 89 24 68 2 95 28 28
273
15
52 80 82 27 97 11 3 16 56 78 53 45 42 78 45
335
15
84 87 62 49 26 33 44 29 69 95 30 57 68 50 38
267
15
31 85 32 18 75 29 49 33 78 46 73 62 99 94 100
336
15
91 96 92 5 94 31 83 13 81 14 84 15 97 45 81
433
15
63 99 7 68 85 22 48 62 23 62 74 32 7 47 15
345
15
46 25 21 3 37 66 73 54 3 88 29 21 58 82 33
328
15
41 87 18 13 35 74 34 85 27 6 64 94 83 21 91
424
15
77 76 12 43 46 32 92 72 26 68 46 44 73 83 3
335
15
18 16 86 55 20 52 76 91 51 88 33 75 74 14 66
341
15
52 99 11 41 14 53 58 24 73 66 18 40 82 81 95
353
15
62 37 82 30 15 40 88 14 83 69 19 50 20 4 68
343
15
9 59 100 10 29 66 28 6 63 28 64 2 50 98 94
411
15
54 58 34 20 18 93 54 91 30 11 22 85 53 3 98
395
15
72 59 86 53 50 95 72 5 51 44 55 51 43 14 70
245
15
40 78 3 61 67 65 23 81 88 71 55 88 71 2 29
321
15
65 96 69 33 35 45 97 64 87 95 91 1 7 48 97
399
15
78 99 27 74 80 5 52 38 49 52 83 35 37 39 95
328
15
76 66 83 56 29 16 65 94 91 85 74 73 8 10 19
363
15
39 99 7 20 37 25 20 60 29 80 66 63 83 67 75
341
15
38 72 84 39 79 82 80 91 4 25 33 33 57 63 28
351
15
34 14 36 56 41 39 44 22 67 63 39 61 19 62 78
221
15
57 92 36 46 24 38 30 93 73 35 76 29 100 75 25
338
15
80 18 50 71 73 1 43 98 6 92 5 42 54 17 83
419
15
90 70 54 30 71 88 60 58 40 34 4 27 78 70 14
311
15
98 52 47 87 89 30 22 50 78 62 94 27 42 1 31
353
15
9 9 99 42 27 63 7 96 79 46 76 89 100 60 40
402
15
60 4 92 17 86 22 64 97 94 21 85 74 83 62 18
403
15
98 95 40 92 91 97 28 59 97 30 60 34 77 48 64
348
15
85 52 77 19 3 20 88 71 7 73 37 93 21 71 9
427
15
10 93 22 40 15 4 73 86 16 7 96 7 98 42 82
471
15
89 73 90 89 41 82 70 36 89 97 47 46 85 55 8
302
15
39 43 25 67 43 94 24 62 74 90 8 68 35 45 23
299
15
68 15 48 70 88 47 52 10 13 75 22 92 46 8 88
372
15
31 92 54 56 7 28 96 57 80 19 46 29 12 63 24
340
15
79 75 75 38 40 11 42 52 79 36 66 61 84 52 77
248
15
19 71 92 20 61 52 9 75 71 43 15 43 42 4 61
330
15
62 69 30 22 32 27 89 29 54 11 86 85 91 89 84
388
15
77 54 86 91 52 99 66 70 42 65 85 82 4 76 62
244
15
9 93 27 27 26 34 71 24 95 93 62 77 67 10 33
401
15
56 12 17 96 98 56 23 58 56 31 18 38 93 45 29
334
15
47 97 10 13 63 93 2 56 58 19 75 61 66 66 100
341
15
59 45 68 6 5 60 28 34 99 47 41 65 6 66 81
321
15
51 90 15 33 88 94 29 68 41 87 87 36 47 49 85
349
15
18 77 20 12 30 16 7 49 28 44 4 46 12 33 82
264
15
1 38 82 73 69 17 80 13 46 32 92 7 77 26 85
424
15
94 45 32 46 81 30 60 21 78 35 15 64 13 4 37
318
15
94 80 7 63 40 59 25 86 24 72 6 76 76 66 16
360
15
93 21 58 40 70 41 82 48 11 2 67 38 3 60 94
358
15
48 70 56 76 41 31 59 34 38 99 81 29 40 52 32
248
15
84 73 18 14 77 38 93 56 3 81 1 18 27 60 67
405
15
58 5 68 34 100 68 37 91 80 68 4 28 64 5 93
397
15
71 44 26 86 33 74 25 28 52 68 95 3 33 89 64
343
15
11 35 32 26 41 3 10 38 14 66 49 63 37 20 63
239
15
34 46 14 74 84 33 2 24 10 12 42 7 94 22 22
316
15
97 8 84 2 96 60 14 66 23 42 38 94 59 33 3
431
15
15 85 84 5 85 58 86 8 82 94 22 50 99 37 90
428
15
98 61 49 51 96 24 76 92 27 90 2 3 43 36 43
380
15
33 51 44 16 52 8 20 14 21 71 35 20 33 12 72
247
15
66 51 53 85 52 7 99 28 86 81 45 76 4 87 51
342
15
2 56 4 11 39 32 24 21 64 78 73 39 16 4 82
333
15
44 25 53 43 87 28 44 60 75 8 57 24 6 18 28
282
15
62 87 55 13 96 49 47 69 64 49 7 28 83 79 25
315
15
65 13 31 45 34 97 17 90 33 16 54 18 51 25 20
295
15
91 31 4 60 33 66 81 97 60 74 47 74 18 22 50
328
15
31 81 56 37 13 34 90 15 27 55 78 68 100 95 68
368
15
92 60 36 20 35 80 64 59 83 13 16 54 27 67 64
304
15
52 70 10 5 43 41 26 84 94 78 25 19 33 57 95
371
15
58 46 19 78 90 11 95 60 38 62 31 38 100 86 61
330
15
35 17 66 17 35 65 42 51 86 32 33 96 7 12 67
320
15
100 16 96 77 41 73 20 11 100 72 42 92 14 48 17
418
15
2 65 26 74 79 59 13 72 7 67 19 19 78 83 14
399
15
83 98 84 65 84 28 44 61 19 18 43 53 93 87 68
328
15
97 61 47 76 83 95 32 75 14 83 32 69 42 22 72
328
15
6 42 7 88 48 69 54 35 80 68 89 26 90 24 57
350
15
100 94 77 45 59 93 55 54 88 91 78 30 71 97 63
258
15
42 98 96 22 76 13 80 11 45 87 73 89 88 97 15
414
15
90 90 9 100 1 88 11 56 69 95 74 11 16 99 85
474
15
48 5 29 92 30 7 58 37 95 38 33 58 88 83 29
344
15
31 29 56 12 43 48 49 69 6 1 2 20 30 71 92
328
15
62 69 60 40 4 73 10 60 43 57 80 18 32 52 48
262
15
27 6 50 39 38 22 73 4 9 81 2 46 22 12 7
287
15
3 37 53 42 77 28 29 60 44 71 38 87 23 97 61
289
15
94 18 46 90 23 52 92 32 77 36 4 83 53 16 14
398
15
99 54 96 69 63 8 74 48 43 90 10 9 22 61 44
358
15
60 40 56 16 2 50 9 30 70 44 36 38 56 71 25
247
15
74 54 17 28 72 53 46 90 4 1 40 56 10 93 33
353
15
29 28 49 94 100 48 90 78 29 63 30 76 39 39 8
329
15
1 84 98 13 3 19 11 6 86 92 12 40 51 40 31
426
15
75 28 26 86 84 68 10 57 41 2 14 25 24 56 56
338
15
18 60 82 33 31 47 31 55 32 90 95 59 23 73 60
299
15
71 90 30 59 37 63 99 37 45 75 10 25 5 18 59
340
15
19 3 43 79 89 64 78 6 95 15 65 63 43 6 28
398
15
76 73 74 35 98 86 21 6 35 7 96 81 40 66 43
387
15
46 68 6 25 5 23 88 39 10 5 45 40 84 9 28
327
15
49 11 5 56 37 41 15 3 66 6 64 29 6 91 86
378
15
66 23 65 94 78 49 87 54 1 68 65 15 9 29 49
343
15
77 32 63 49 74 65 15 34 34 48 11 21 54 95 7
317
15
78 89 29 20 21 98 45 71 78 64 81 97 39 3 78
371
15
43 35 22 98 48 5 41 10 5 49 18 96 35 90 55
349
15
15 45 69 33 18 65 64 13 72 26 82 91 36 92 86
349
15
10 22 60 63 84 94 93 44 95 70 88 47 65 62 58
282
15
8 44 17 16 60 72 11 91 67 5 46 33 36 25 25
301
15
71 80 60 57 67 30 9 82 20 22 27 94 11 30 83
374
15
36 35 42 37 66 78 98 63 61 73 42 92 14 25 2
334
15
16 25 74 100 42 39 100 54 63 50 80 93 78 22 12
373
15
70 23 70 62 38 17 20 65 90 85 88 91 97 68 39
325
15
91 25 98 58 83 35 27 82 56 35 45 52 96 60 8
330
15
26 70 94 41 13 54 26 7 82 18 100 42 33 45 18
338
15
79 17 100 61 94 45 41 97 42 10 67 72 80 3 16
409
15
26 11 78 52 91 30 95 55 84 52 38 20 78 15 52
341
15
4 81 96 91 40 86 7 33 76 27 38 31 79 39 75
403
15
90 34 81 23 72 60 5 23 95 67 19 90 79 76 71
352
15
93 59 55 51 38 48 91 58 13 51 33 47 56 99 61
230
15
70 55 21 34 48 36 18 23 47 47 25 32 41 22 33
169
15
91 83 60 20 29 25 38 94 48 25 10 58 100 62 26
375
15
28 30 65 74 47 58 32 17 32 86 95 35 76 13 43
314
15
16 2 8 36 31 87 52 43 39 19 93 6 53 11 94
365
15
59 58 56 80 43 59 3 48 52 97 58 73 14 52 42
227
15
60 39 42 37 39 89 69 28 67 9 21 16 70 3 4
311
15
44 22 44 9 11 73 28 74 42 37 55 16 95 59 59
294
15
6 79 24 71 36 84 85 5 3 17 56 43 64 10 80
411
15
26 58 38 1 35 13 70 92 65 83 40 22 39 69 47
310
15
53 69 9 34 30 96 25 21 94 13 75 29 81 43 64
361
15
46 9 47 7 59 51 33 56 79 26 79 33 77 32 35
273
15
69 81 52 40 13 37 93 49 61 7 97 18 78 12 48
355
15
2 87 36 87 10 67 20 90 10 70 22 55 59 19 50
396
